# Gene of interest

RGF <- c(
    "AtRGF1" = "AT5G60810",
    "OsRGF1" = "LOC_Os02g09760"
)
